4035.85	4043.38	4033.21	4037.73	735.13	2968081.14	4037.5
4036.88	4038.05	4025	4027.54	1039.16	4189472.58	4031.6
4027.02	4029	4019.16	4025	1820.79	7325424.46	4023.22
4025	4033.8	4015.1	4017.01	1696.83	6828812.21	4024.46
4017.01	4032.8	4011.11	4024.29	1586.63	6383382.07	4023.25
4024.26	4029.15	4021.36	4024.92	680.87	2740433.45	4024.88
4024.94	4125.33	4022.2	4124.87	8829.08	36031263.45	4080.98
4125.31	4130	4093	4100.3	8530.95	35084520.51	4112.61
4100.93	4109.58	4087.01	4095.94	3760.92	15414131.28	4098.5
4095.92	4104.53	4083.56	4095.03	3209.89	13136521.94	4092.51
4095.91	4095.91	4075.86	4084.23	1998.67	8164701.78	4085.07
4084.79	4101.97	4080.47	4094.98	2647.59	10834361.3	4092.16
4094.98	4098	4080	4084.98	1780.95	7283536.22	4089.69
4084.98	4091.8	4082.1	4087.94	1613.54	6597073.93	4088.58
4087.9	4089.99	4086.02	4089.27	1027.87	4202107.37	4088.19
4089.46	4112.45	4087.74	4100.04	2787.94	11433369.6	4101.01
4100.4	4106	4095.56	4100	1480.46	6071683.62	4101.23
4100	4107.24	4094.2	4094.55	807.14	3309834.18	4100.72
4097.52	4098	4089.1	4093.03	464.89	1902999.88	4093.42
4092.11	4098	4089	4090.96	226.79	928090.32	4092.29
4093.97	4099	4090.49	4098.97	227.7	932491.87	4095.32
4094	4100	4088.53	4096.07	425.23	1740528.15	4093.17
4098.75	4099.92	4090.62	4090.62	340.95	1396386.67	4095.56
4090.03	4094.27	4090	4091	418.02	1710377.44	4091.61
4091	4099	4090.7	4096.48	838.44	3432557.13	4094
4096.48	4110.98	4095.32	4105.02	1455.55	5974266.3	4104.47
4105.5	4145.03	4104	4117.01	5657.97	23342422.18	4125.58
4117.04	4124	4023	4060.96	12035.51	49049038.66	4075.36
4060.98	4077.98	4059.03	4065.05	3259.32	13261325.72	4068.74
4065.05	4066.96	4052	4064.04	1852.22	7518546.04	4059.2
4064.04	4084.5	4064	4078.2	2417.69	9848691.39	4073.6
4078.2	4080.04	4061	4064	1985.49	8080868.96	4069.97
4064.82	4074.42	4063.97	4071.02	1155.12	4700935.93	4069.66
4070.02	4072.18	4063	4063.92	1154.94	4695879.11	4065.89
4063.95	4072.9	4063.07	4067.98	1438.12	5851079	4068.58
4067.98	4069.71	4028.52	4032.73	4564.55	18462612.16	4044.78
4034.69	4045	4022	4039	3230.68	13031446.86	4033.65
4039	4069	4036	4062.98	3342.17	13538217.01	4050.72
4063	4075	4045.61	4050.05	3844.94	15597585.94	4056.65
4050	4050.96	4037.12	4048.26	1460.01	5907746	4046.37
4048.29	4063	4047.29	4055.51	1055.1	4280038.5	4056.54
4055.51	4059	4045.16	4045.16	582.4	2361800.05	4055.26
4045.95	4050.94	4040	4041.42	639.6	2586184.62	4043.42
4040.99	4044.13	4040	4041	118.07	477177.69	4041.52
4041.26	4044.9	4035.59	4041.74	228.14	921568.67	4039.42
4041.74	4046.25	4025	4025.1	811.84	3274245.52	4033.13
4025.02	4035.07	4020	4026.71	1168.82	4705926.42	4026.22
4026.71	4029.96	4008	4010.18	1490.23	5989533	4019.2
4010.15	4019.88	3985.51	4015.17	3701.98	14831223.42	4006.29
4015.93	4015.93	3955.26	3990	5055.34	20158757.09	3987.61
3991.86	4002.88	3971.93	3996.1	4437.39	17698944.72	3988.59
3996.95	4018	3996.95	4004.67	3101.1	12428090.92	4007.64
4004.58	4022	3993.8	4003.59	2816.83	11289528.26	4007.88
4003.65	4007.26	3982.1	3999	2684.12	10729140.08	3997.26
3999.02	3999.82	3975.01	3988	3420.13	13628441.1	3984.78
3987.05	4014.88	3983	4002.04	2226.65	8896147.03	3995.3
4002.04	4009.88	3996	4007.86	2466.96	9870595.62	4001.12
4007.96	4009.9	3988	3993.97	2049.29	8194932.04	3998.91
3994	4004.99	3988.95	4001.11	1360.2	5436897.96	3997.14
4002	4004.26	3995.11	4000.97	841.99	3367872.38	3999.88
4000.86	4002.69	3984.96	3984.96	1724.9	6885787.48	3992
3984.99	3986.23	3945	3954.07	6585.2	26075217.22	3959.67
3954.05	3962.9	3928.32	3946.84	4856.18	19148003.05	3943.02
3946.83	3957	3900	3902.08	4960.38	19486584.02	3928.44
3902.91	3938.02	3885.4	3929.08	7064.89	27669643.55	3916.5
3929.08	3940	3915	3922.53	2321.18	9114707.11	3926.76
3922.53	3930	3902.1	3914.16	1143.95	4480960.48	3917.09
3914.22	3924.78	3889.6	3889.76	1127.37	4397996.61	3901.11
3889.76	3892.7	3810	3812.54	3077.34	11868328.18	3856.68
3812.54	3850	3781.17	3803.69	3572.4	13632001.19	3815.93
3803.72	3858.66	3700	3781.85	9168.61	34546985.44	3767.96
3781.68	3789	3700	3749.29	6323.46	23701277.65	3748.15
3749	3825.81	3745.03	3797.95	7090.44	26874024.82	3790.18
3797.9	3798.93	3760.18	3764	4325.33	16353770.88	3780.93
3764	3790	3712	3766.96	6860.4	25719202.01	3748.94
3765.1	3784.14	3743.12	3752	4596.56	17275736.91	3758.4
3752.13	3806	3752.02	3782.72	5567.22	21039443.43	3779.17
3782.72	3816	3776.02	3795.92	5517.77	20951776.62	3797.14
3795.92	3810.91	3786	3806.62	3830.37	14550876.46	3798.82
3805.75	3845	3797	3838.02	6545.24	25026058.88	3823.55
3838.08	3860	3827.99	3827.99	7219.73	27757573.77	3844.68
3827.99	3867	3815.23	3863.35	6576.32	25241907.38	3838.3
3863.35	3870	3840	3846.75	3869.24	14915549.24	3854.91
3847.25	3866	3832	3863.11	2943.3	11319195.93	3845.75
3863.13	3865.22	3824	3827.07	3729.6	14336974.65	3844.11
3828.6	3838.36	3823	3825.86	2981.06	11420541.92	3831.04
3825	3841	3824.99	3829.8	2539.52	9734923.58	3833.37
3828.85	3829	3766.01	3779.11	6932.45	26275112.59	3790.16
3778.93	3810	3766	3767.65	4258.96	16141790.56	3790.08
3768.85	3781	3748.05	3780.81	3149.6	11853985.93	3763.65
3779.03	3785	3761.1	3771.86	1054.97	3978659.2	3771.34
3771.5	3780.93	3758.01	3774.09	856.6	3230573.85	3771.39
3774.09	3789.98	3774	3789.9	837.66	3169632.34	3783.92
3788.83	3818.7	3780	3815.11	971.19	3690441.6	3799.93
3815.11	3826	3799.01	3807.95	1044.64	3982202.38	3812.05
3807.96	3829.8	3805.39	3824	1221.58	4665723.93	3819.43
3824	3835	3800	3800.08	2079.66	7942219.56	3819.01
3803.01	3811.46	3792.04	3797.76	1668.92	6343300.53	3800.85
3797.03	3825	3790	3812.25	2798.87	10658876.33	3808.28
3812.73	3824.91	3771	3785.33	4410.73	16771308.02	3802.39
3784.97	3795	3772.08	3782.9	2359.12	8929267.26	3785.01
3783.51	3793.68	3770	3787.94	2733.95	10345203.56	3783.98
3787.89	3795.13	3780	3787.15	1920.97	7275852.13	3787.59
3787.17	3790	3757.71	3765.12	2926.3	11031056.28	3769.62
3765.59	3766.24	3730	3738	5488.03	20538056.41	3742.33
3738	3738.9	3669.61	3669.61	6795.22	25204031.82	3709.08
3669.59	3728	3668.77	3718	6246.25	23151779.8	3706.51
3717	3725	3695	3705.02	3019.74	11212489.34	3713.06
3705	3719.8	3680.23	3680.96	3644.99	13498178.99	3703.21
3680.8	3687.9	3651	3656.6	6544.76	24005595.82	3667.91
3656.02	3656.58	3605.03	3616	7775.9	28235991.3	3631.22
3615.99	3633.02	3568.07	3576.23	7754.34	27922251.18	3600.86
3578	3612.95	3517.95	3606.03	13636.75	48718887.06	3572.62
3605.93	3629.9	3581.92	3611.96	4373.48	15751460.34	3601.58
3611.93	3616	3588.81	3598.95	2574.14	9275760.81	3603.44
3598.95	3607.23	3592.71	3597.03	765.98	2756855.96	3599.11
3597.92	3609.99	3596	3598.52	795.77	2867939.18	3604
3597.95	3609	3595.9	3599.5	626.23	2256636.16	3603.54
3599.52	3640	3599.5	3630.59	1761.61	6368617.75	3615.23
3631.11	3674.5	3630	3646.55	4251.49	15530788	3653.02
3646.55	3669	3623.6	3625.72	3188.36	11632022.47	3648.28
3625.64	3645.96	3585	3644.16	5028.7	18193994.54	3618.03
3644.16	3656.81	3610	3617.97	5145.11	18700128.41	3634.55
3617.97	3648	3611.51	3626.19	3880.12	14088872.4	3631.04
3626.22	3658	3626.22	3652.72	3518.11	12817836.83	3643.39
3652.65	3665	3636.7	3645	3320.5	12119225.38	3649.82
3645	3645	3616.55	3624.27	4082.84	14821830.8	3630.27
3624.27	3631.97	3594.72	3603.97	3896.51	14078869.83	3613.2
3603.4	3608.28	3547	3555.15	7353.91	26267763.72	3571.94
3555.17	3588	3555.15	3577.53	4303.86	15388102.34	3575.42
3576.3	3577.81	3536.11	3538.05	4493.01	15965771.67	3553.47
3538.06	3588	3531.33	3576.58	5955.51	21219905.12	3563.07
3576.98	3586.04	3562.02	3565.3	3330.13	11903927	3574.62
3565.3	3565.3	3523	3526.22	5452.86	19345754.93	3547.82
3526.29	3544.2	3507.84	3532.06	7079.65	24949940.75	3524.18
3532.7	3539.9	3493	3535.57	6224.68	21893840.85	3517.26
3537.98	3550.03	3520.01	3545.85	4770.49	16880587.34	3538.55
3545.97	3558	3521.6	3554.22	1327.73	4699839.88	3539.76
3555.86	3579.96	3545.26	3561.94	1775.54	6327429.6	3563.67
3561.94	3576.67	3558.33	3573.68	698.62	2493730.46	3569.52
3573.68	3586.85	3561.42	3573.32	978.14	3498243.32	3576.42
3573.32	3588	3567.95	3575.15	871.42	3117943.85	3578.01
3575.15	3642	3573.67	3636.77	3391.65	12257933.37	3614.15
3636.66	3698	3622	3695.18	4841.09	17708642.67	3657.99
3695.21	3707.99	3656.08	3676.55	6614.24	24328945.28	3678.27
3678	3700	3663.1	3670.88	4952.77	18240453.64	3682.88
3672.94	3685.94	3660	3675.11	4357.67	16002858.98	3672.34
3675.11	3681.25	3651.11	3677.22	5164.09	18924544.56	3664.64
3676.53	3732	3671	3722.49	5930.39	21963274.99	3703.51
3722.47	3755.99	3718	3735.17	8893.53	33201832.4	3733.26
3735.17	3756	3725.93	3744.01	5860.42	21914267.72	3739.37
3744.05	3770.04	3707.2	3733.25	8911.76	33334206.98	3740.48
3733.53	3747	3716.16	3736.01	4733.06	17664711.09	3732.2
3736.04	3760	3726	3746.17	4581.63	17158260.24	3745.01
3746.17	3760	3740.09	3746	2954.65	11076733.17	3748.92
3746.08	3762.99	3745.67	3752.04	2860.68	10740703.37	3754.6
3752.05	3785.02	3745.5	3756.1	5743.91	21652038.42	3769.57
3756.12	3763	3723.22	3736.8	6235.04	23331371.47	3741.98
3738	3739.77	3702.05	3721.94	6897.81	25634168.37	3716.28
3721.92	3747.99	3713	3724.21	5765.58	21502318.28	3729.43
3724.21	3737.22	3722.83	3726.85	1787.7	6665312.04	3728.43
3727.23	3747.96	3725.11	3740.23	1038.63	3884051.74	3739.61
3740.23	3751.05	3735.65	3751.05	878.52	3289427.47	3744.3
3751.77	3767	3745.52	3747.59	1054.18	3961253.47	3757.66
3747.6	3751.87	3731	3745.07	704.86	2637341.12	3741.64
3745.07	3757.97	3740.52	3751.12	737.87	2765657.22	3748.18
3751.92	3768.98	3751.19	3757.86	1424.49	5357815.46	3761.23
3757.95	3759.89	3715.1	3718.72	1882.06	7029540.69	3735.03
3718.72	3735	3713.07	3720.07	2777.64	10343130.02	3723.72
3720.08	3739.14	3714	3732.98	2721.32	10141420.71	3726.66
3732.9	3747	3731	3740.78	3165.65	11837236.87	3739.28
3740.75	3741.97	3726.72	3734.49	1857.62	6937379.35	3734.56
3734.49	3738.02	3723	3727.7	1515.97	5655351.94	3730.51
3728.22	3730	3717.02	3729.6	1565.16	5828399.65	3723.85
3729.47	3740.05	3728	3737.47	1803.4	6732602.21	3733.28
3737.57	3739.64	3727.52	3731.76	1475.69	5508136.88	3732.6
3730.45	3755.78	3730	3749	4114.51	15403314.69	3743.65
3748.07	3763.63	3740.08	3761.97	3232.65	12128942.6	3752.02
3760.57	3766.9	3743	3746.74	2264.67	8494471.49	3750.86
3747.67	3757.02	3744.53	3753.24	1476.9	5541267.2	3751.96
3754.08	3754.38	3723.56	3731.98	2337.81	8739203.59	3738.2
3731.98	3743.88	3727.96	3737.54	1453.71	5430606.89	3735.69
3736.24	3752	3733.97	3743.07	2050.4	7677489.63	3744.38
3742.12	3752.45	3733	3752.04	1879.17	7037024.36	3744.74
3752.04	3756	3744	3747.77	1106	4146444.96	3749.06
3747.81	3760	3746	3756.54	734.18	2755960.93	3753.8
3756.54	3760.63	3750.14	3751.92	607	2280637.83	3757.23
3751.92	3764	3751.81	3760.78	568.56	2137513.87	3759.53
3760.78	3794.53	3760.78	3790.02	1907.99	7213671.27	3780.77
3790.02	3801.64	3777.03	3793.4	1655.43	6276344	3791.37
3793.4	3808.14	3790	3795.96	1282.9	4870288.86	3796.32
3795.94	3805	3771.57	3792	2238.97	8479104.18	3787.06
3794.44	3845	3792.14	3836.08	5134.01	19631860.6	3823.88
3835.8	3839.8	3815	3822.39	5042.19	19287367.9	3825.2
3822.36	3823.78	3801.08	3816.02	3198.67	12200828.52	3814.34
3816.02	3833.8	3814	3830.65	3251.78	12436248.11	3824.45
3830.65	3839.8	3819.97	3823	2922.69	11193584.18	3829.89
3823.98	3835.02	3823	3834	1571.18	6016502.68	3829.28
3834.02	3837.75	3815.32	3817.34	2615.99	10013828.89	3827.93
3819.88	3827.98	3817.45	3825	1595.1	6097396.49	3822.58
3825	3826.02	3800	3802.36	2560.2	9757798.39	3811.34
3801.67	3806.21	3786	3795.02	3051.48	11582802.44	3795.79
3795.02	3809	3789.52	3801.96	2303.47	8754575.62	3800.61
3801.79	3817.14	3798.3	3812.35	2148.46	8188426.37	3811.3
3813.12	3815.97	3787.83	3795.29	3178.87	12074439	3798.34
3796.72	3802	3791.44	3797.25	1573.3	5971651.69	3795.62
3797.25	3798	3780.99	3788.01	1842.12	6978322.73	3788.21
3787.53	3796	3785.01	3788	1261.21	4779980.07	3790
3788.5	3790.73	3771	3779.88	1704.69	6443676.33	3779.98
3779.81	3784.8	3770.5	3783.37	1052.68	3976719.12	3777.73
3783.33	3797.28	3781.12	3796.63	550.28	2085276.21	3789.51
3797.01	3812	3785.04	3808.87	513.62	1952903.65	3802.23
3808.87	3808.87	3790	3791.55	452.33	1717549.12	3797.09
3790.96	3796.37	3780.16	3792.29	711.41	2695571.6	3789.05
3793.18	3793.75	3780.11	3788.08	706.32	2673240.64	3784.73
3788.09	3796.31	3782	3790.86	776.92	2942629.24	3787.57
3790.8	3795	3780.01	3782.84	996.07	3772133.99	3787.03
3782.84	3789.26	3772	3780	1544.41	5837539.47	3779.8
3780.02	3782	3772.3	3774.18	1251.32	4727135.39	3777.71
3775.66	3780	3765	3780	1586.86	5988809.19	3773.99
3779.36	3826.26	3777.62	3807.07	3966.06	15088127.66	3804.31
3807.01	3824	3796.84	3812	3813.38	14528906.06	3809.98
3812.03	3815	3808	3811	1579.4	6018942.87	3810.9
3811.06	3822	3803.98	3808.95	2348.79	8955649.16	3812.88
3808.52	3819.18	3804.28	3816.91	2318.41	8839330.52	3812.67
3816.91	3820	3800	3806	1964.54	7485923.37	3810.52
3805.98	3812.96	3792	3800.03	1671.23	6356036.68	3803.21
3800.04	3806.45	3795	3801.1	1112.21	4227518.74	3800.99
3801.12	3812	3801.05	3810.97	1690.3	6436795.45	3808.09
3809.02	3815.99	3807	3807	1323.01	5042850.3	3811.66
3806.9	3809.99	3770.01	3783.13	4859.95	18420024.44	3790.17
3783.13	3798.2	3770	3773.88	3457.55	13076060.02	3781.89
3773.93	3792	3768	3781.85	2063.36	7796214.26	3778.4
3783.31	3792	3780	3780.73	848.24	3212051.81	3786.75
3780.73	3789.16	3777.44	3786	608.7	2302824.53	3783.16
3785.96	3787.94	3780	3780.52	426.04	1612023.84	3783.76
3780.52	3783.52	3778	3779.92	253.47	958307.68	3780.8
3779.16	3783.41	3762.05	3762.05	1050.2	3962857.31	3773.43
3762.05	3762.95	3750	3753.16	1453.82	5460148.99	3755.73
3754.88	3770.05	3743	3758.04	1464.25	5498308.21	3755.05
3759.97	3759.97	3735.11	3741	1699.53	6361393.52	3743.02
3741.15	3759	3728	3737.47	2770.93	10367395.74	3741.48
3736.5	3757.8	3736.22	3747.99	2138.53	8018389.74	3749.49
3747.48	3760	3740.11	3753	2032.94	7623743.41	3750.1
3752.85	3760.47	3745.21	3748.08	1728.1	6486602.19	3753.61
3747.3	3748.24	3732.48	3742.12	1103.84	4129889.49	3741.39
3742.11	3746.53	3722.13	3724.94	1847.51	6904811.67	3737.36
3724.94	3727.35	3715	3715.46	3197.08	11895373.13	3720.71
3716.78	3716.8	3686	3700.99	6632.35	24533597.21	3699.08
3700.99	3719.91	3699.96	3705.98	3265.98	12121070.37	3711.32
3705.84	3709.8	3678	3690.08	3285.86	12133191.8	3692.54
3689.71	3707.88	3680.26	3702.84	3750.16	13844275.34	3691.65
3702.7	3727.9	3695.95	3716.23	3577.23	13280122.83	3712.41
3716	3732.75	3710	3720.57	2844.92	10588246.45	3721.81
3720.57	3725	3702.02	3712.35	2547.51	9462972.77	3714.6
3712.91	3715.31	3700.97	3703.14	1804.91	6693841.06	3708.68
3703.44	3711	3681.11	3683.91	2094.85	7744961.03	3697.15
3683.89	3693.04	3669.96	3688.1	2482.58	9134997.96	3679.64
3688.1	3714.7	3684.01	3694.92	1427.26	5275592.12	3696.31
3695.99	3708	3676	3704	1172.58	4330070.54	3692.77
3702.99	3713.99	3692	3699.97	631.76	2340148.31	3704.17
3700	3718	3699.95	3706.19	522.3	1936938.62	3708.47
3707.37	3710	3685.32	3686.75	734.93	2716922.82	3696.87
3686.75	3703.24	3684	3698.17	789.77	2916964.4	3693.43
3698.15	3700	3674.05	3677.37	1097.24	4044581.07	3686.14
3677.37	3684.79	3657	3658.98	3210.42	11773825.04	3667.38
3658.25	3678	3658.23	3674	2777.92	10191702.39	3668.83
3675.02	3679.12	3662.07	3673.09	1951.71	7159883.96	3668.52
3673.14	3674.66	3664	3669.92	1211.01	4443026.22	3668.85
3669.01	3690.9	3669	3677.86	2110.41	7767787.02	3680.7
3677.85	3682.07	3664	3674.99	1809.4	6647138.77	3673.68
3677.4	3685.31	3674.02	3678.96	1342.3	4940408.02	3680.54
3678.1	3709	3677.62	3692.86	3452.57	12752403.38	3693.6
3692.86	3731.95	3691.12	3728.51	3934.67	14607802.46	3712.59
3729.88	3739	3716.33	3722.96	3058.94	11394242.57	3724.9
3722.94	3732	3717	3718	2724.49	10145970.04	3723.99
3717.97	3726	3717	3724.96	1452.78	5406333.16	3721.37
3724.46	3743	3723.23	3737.72	2423.59	9047947.75	3733.29
3737.72	3737.72	3711	3716.95	2827.4	10526897.88	3723.17
3716.15	3728.44	3708.12	3727.03	1737.47	6461163.99	3718.73
3727.82	3729	3710	3723.98	1455.8	5414192.25	3719.04
3723.98	3730	3718.14	3725.21	681.24	2536187.1	3722.91
3725.84	3738	3724.28	3734.37	730.33	2724568.08	3730.61
3734.37	3741.02	3726.6	3730.22	577.34	2156950.14	3736.04
3731.05	3737	3725.7	3729.94	434.34	1620906.33	3731.93
3728.92	3733.62	3723	3725.54	422.38	1574676.45	3728.09
3725.45	3727.38	3718.39	3725	430.36	1601978.85	3722.4
3726.29	3742	3721.62	3737.87	970.29	3620480.99	3731.33
3735.6	3741.9	3725	3729.98	1324.74	4944033.04	3732.08
3729.98	3768	3728.94	3766.96	4117.29	15458111.06	3754.44
3766.96	3779.84	3759.94	3767.22	4152.28	15655652.07	3770.38
3767.22	3787	3761.09	3767.45	3669.24	13844982.5	3773.26
3767.45	3775	3758.2	3764.39	1700.85	6404515.28	3765.49
3764.34	3780	3760.66	3779.03	1579.63	5954286.38	3769.41
3779.95	3782	3764	3769.97	1966.73	7420626.05	3773.08
3769.97	3780.08	3764	3777.29	1637.32	6177968.41	3773.22
3777.6	3785	3769	3774.83	2299.21	8680874.97	3775.6
3773.54	3779.79	3771	3777.91	1784.27	6735804.87	3775.1
3777.91	3782	3773.4	3781	1008.41	3809905.9	3778.13
3780.3	3798.8	3779.8	3782.06	2761.26	10463210.33	3789.3
3782.52	3785.98	3761.67	3768	2618.31	9879726.87	3773.32
3767.96	3774.87	3764.05	3765.79	1874.52	7064814.86	3768.86
3766	3778.5	3765	3775.82	1372.31	5175214.02	3771.18
3775.79	3776.9	3770	3771.36	955.75	3605572.75	3772.52
3771.36	3777.84	3762	3772.85	1103.19	4162397.76	3773.05
3772.48	3778	3772.48	3774.84	865.63	3268610.67	3775.98
3775.55	3777.96	3769.78	3773.12	546.41	2061827.8	3773.41
3773.23	3774.99	3772.29	3773.5	157.7	595147.43	3773.92
3773.5	3780	3773.43	3776.87	625.54	2363078.85	3777.67
3777.5	3781.02	3770.58	3772.34	465.48	1758043.84	3776.81
3772.34	3776.64	3771	3774.32	548.66	2070656.98	3774.02
3774.32	3780	3771.66	3779.25	550.67	2078654.2	3774.81
3779.28	3780	3771.89	3776.8	566.35	2138174.09	3775.37
3776.92	3778.59	3771	3773.89	518.45	1956427.75	3773.65
3773.89	3774.81	3749.7	3749.79	3117.42	11717661.86	3758.77
3749.79	3757	3725	3730.66	4120.75	15403023.98	3737.92
3730.18	3740.09	3722	3736.63	1954.22	7290502.4	3730.64
3736.82	3746.49	3732.02	3738.99	1776.73	6644370.12	3739.66
3739.59	3739.59	3719.76	3726.08	2257.69	8416514.88	3727.94
3726.06	3726.06	3672	3696.93	6619.16	24453943.63	3694.42
3698.05	3704	3663.5	3669.11	5173.13	19068490.84	3686.07
3669.97	3695	3666.42	3672.29	3750.2	13806575.71	3681.56
3672.29	3695.82	3666.01	3695.82	2916.81	10739745.06	3682.02
3695.82	3700	3683.76	3690.16	2091.86	7721404.26	3691.16
3690.66	3693.08	3671.03	3674	2141.54	7880511.25	3679.84
3674	3685	3655	3677.36	5569.81	20421669.63	3666.49
3677.39	3707	3671.06	3691	4053.1	14958034.39	3690.52
3691	3720	3685.43	3696.28	3023.41	11184417.5	3699.27
3696.29	3707.99	3688.98	3693.84	1628.09	6018851.99	3696.87
3693.83	3709.99	3693.1	3696.12	1185.98	4390506.07	3701.99
3695.68	3703.66	3690	3700.66	640.32	2367298.25	3697.07
3700.66	3700.68	3690	3692.02	286.23	1057861.85	3695.82
3693	3697.3	3688.42	3695.29	438.71	1619421.87	3691.35
3696.31	3696.31	3685	3689.47	394.03	1454212.28	3690.63
3689.46	3706	3685.28	3704.34	669.12	2474691.98	3698.46
3704.34	3708	3695.01	3705.48	1226.44	4541638.57	3703.1
3705.31	3705.48	3660	3671.13	2993.7	11003893.54	3675.68
3670.61	3682	3655.96	3673.21	1963	7206783.92	3671.31
3673.21	3675	3665.84	3671.67	1371.11	5032224.12	3670.18
3671.63	3686	3670.72	3679.04	2081.72	7659232.28	3679.29
3677.97	3688	3670	3674	1549.77	5696927.29	3675.99
3674.32	3685	3674	3677.42	935.91	3444299.2	3680.15
3677.69	3695.35	3675	3693.91	1293.38	4763424.48	3682.92
3693.91	3705	3691	3693.53	2632.51	9731335.8	3696.61
3692.92	3713.06	3691.46	3707.62	2750.99	10191072.8	3704.51
3707.32	3722	3701.4	3711.85	2585.06	9599536.37	3713.46
3711.62	3717.6	3700.7	3704.67	2110.43	7834643.14	3712.35
3704.52	3715	3700	3701.23	1309.52	4854694.85	3707.24
3701.22	3719	3698.95	3710.46	1912.9	7097172.86	3710.16
3710.48	3713	3705.76	3706.4	1481.7	5497077.75	3709.98
3707.07	3724	3702.41	3713.43	2205.88	8192643.33	3714.01
3713.43	3718.8	3708.36	3713.97	1363.2	5060611.69	3712.31
3713.04	3718.99	3712	3713.83	960.48	3567416.6	3714.2
3713.8	3717.5	3711.01	3713.37	385.23	1430697.2	3713.87
3713.37	3716.4	3712.83	3714.63	407.23	1512677.2	3714.6
3714.66	3715.8	3710.1	3712.87	258.52	959755.37	3712.56
3712.55	3714.01	3709.1	3710.49	319.32	1185082.62	3711.26
3709.78	3710.27	3690	3692.89	802.46	2968372.44	3699.1
3692.89	3695.3	3665	3679.7	1901.25	6993189.4	3678.21
3679.78	3687.14	3660	3662.08	1893.42	6955092.92	3673.3
3662.18	3674.97	3658.01	3667.68	2190.63	8036245.85	3668.47
3667.69	3680	3656.01	3672.03	2772.02	10170588.7	3669.01
3672.03	3672.04	3633.11	3637.03	5179.15	18909523.37	3651.08
3637.05	3655.04	3634.05	3649.77	2998.69	10932128.15	3645.64
3649.97	3659.94	3645	3656.07	1432.74	5233899.8	3653.08
3655.06	3656.32	3645.95	3652.05	1387.63	5065876.12	3650.74
3652.42	3658.88	3640	3640	1870.11	6829377.36	3651.87
3640.05	3640.86	3600	3608	6823.62	24656888.04	3613.46
3608	3626	3607.87	3616.4	3681.18	13312483.78	3616.36
3616.41	3619.9	3582	3592.66	5348	19216643.29	3593.24
3593	3610.02	3583	3595.75	3392.42	12201487.13	3596.69
3595.77	3596	3568	3571.2	3754.43	13449833.74	3582.39
3571.15	3602.26	3570.22	3596.3	5007.34	17971321.71	3588.99
3596.3	3599.88	3575.01	3585.07	3544.82	12708483.82	3585.09
3585.21	3614	3580.99	3605.97	3502.9	12607943.85	3599.28
3605.03	3608	3588	3589.98	2604.9	9379131.97	3600.58
3590	3590	3549	3557.09	5505.5	19624277.72	3564.49
3556.95	3569.28	3555.56	3562.56	1231.32	4388338.41	3563.94
3562.56	3581.39	3562.04	3565.96	1020.78	3646545.26	3572.31
3565.72	3587	3565.72	3570.93	720.03	2574022.33	3574.9
3570.76	3579.82	3570	3574.33	405.16	1447659.27	3573.03
3575.77	3583.09	3565.02	3568.12	681.27	2434294.73	3573.16
3567.14	3571.76	3551	3551.64	1261.73	4492529.45	3560.61
3554.1	3565	3549	3556.32	1358.97	4833384.74	3556.65
3557.28	3559.47	3540	3547.86	1987.69	7054914.69	3549.31
3547.85	3585	3547.85	3579.83	3388.95	12081975.92	3565.11
3579	3613.8	3578.16	3599	5788.31	20813162.65	3595.73
3599.05	3610	3591	3596.9	3526.87	12687169.02	3597.29
3596.88	3604.88	3592	3594.24	1916.36	6892962.4	3596.9
3594.24	3605	3575.13	3582.25	3071.46	11037735.41	3593.64
3582	3592.36	3576.96	3583.05	2056.63	7373727.51	3585.35
3586.44	3595.92	3576.01	3587.13	2366.19	8486434.88	3586.54
3587.12	3612.08	3586.22	3609.29	3146.8	11336798.86	3602.64
3609.3	3609.98	3585	3592.9	2411.15	8666058.61	3594.17
3592.74	3595	3586.82	3590.97	1134.13	4071856.43	3590.29
3590.97	3603.99	3590.03	3598.39	1432.59	5154170.63	3597.81
3598.3	3608	3586.29	3586.29	2089.48	7515719.53	3596.93
3586.96	3586.99	3560.01	3569	2752.81	9840236.13	3574.62
3569	3591	3562.12	3578.97	3054.51	10928636.46	3577.87
3579.72	3599.79	3579.72	3587.99	1798.12	6455021.04	3589.87
3587.99	3600	3585.01	3598.2	936.96	3365887.72	3592.35
3598	3599.68	3586.97	3590.96	639.66	2298172.2	3592.81
3591.03	3595.68	3585.03	3592.75	464.65	1668606.48	3591.13
3592.96	3598.99	3589.45	3592.61	400.68	1440327.54	3594.74
3593.18	3593.18	3588.94	3591.04	315.23	1132043.55	3591.2
3591.02	3598.99	3587.6	3598.99	284.62	1022448	3592.34
3597.44	3607.11	3595	3605.75	719.13	2590050.68	3601.65
3605.73	3644.6	3604.97	3635.41	3326.54	12077439.82	3630.64
3635.41	3670	3632.97	3668.2	3164.31	11549077	3649.8
3668.24	3674.9	3643.31	3648.85	4138.7	15141359.37	3658.48
3648.88	3664.89	3648	3657.36	2316.77	8468010.57	3655.1
3657.41	3678	3654.1	3661.62	3741.21	13714674.9	3665.84
3661.35	3664.61	3648.02	3658.18	2906.26	10622478.02	3655.04
3658.16	3662.97	3647.03	3650.04	1493.08	5457398.81	3655.13
3651.8	3670	3649.98	3659.03	3224.31	11805367.39	3661.37
3659.03	3668	3652.39	3652.39	2075.77	7598925.97	3660.77
3652.39	3656.97	3645.08	3651	2077.81	7587435.57	3651.65
3651.52	3668	3647.08	3657.28	2369	8660557.56	3655.79
3657.28	3668.91	3652.79	3664.18	1751.75	6414753.3	3661.91
3664.61	3690	3657.88	3679.07	2373.51	8714885.45	3671.73
3679.47	3717.99	3676.58	3714.99	5471.23	20235296.07	3698.49
3714.99	3735	3695.56	3705.83	6113.55	22679093.06	3709.64
3705.96	3716.14	3695.08	3703.67	3466.39	12848802.32	3706.68
3703.65	3706.87	3695.05	3705	1875.01	6940212.04	3701.42
3704.85	3705.37	3685	3687.47	1459.5	5398138.21	3698.62
3687.52	3697	3687.16	3694.15	635.97	2348749.28	3693.17
3694.15	3704.88	3689.57	3700.09	489.89	1811209.05	3697.14
3700.96	3708	3697.34	3702	538.83	1995939.81	3704.19
3702.02	3703.05	3683	3683	789.24	2915995.55	3694.69
3683.03	3696	3677	3692.29	1071.98	3950299.22	3685.06
3692.28	3776	3690.07	3775	4369.71	16359078.65	3743.74
3775	3795	3753	3790.02	4244.52	16015837.77	3773.3
3789.52	3792.99	3763	3783.11	3875.35	14630967.68	3775.39
3783.12	3785	3767.8	3777	2673.17	10096191.26	3776.86
3775.53	3798.8	3775.53	3796.98	3773.34	14292998.73	3787.89
3796.98	3798	3771	3776.73	3975.34	15049144.11	3785.63
3776.58	3783.99	3772	3779.98	1837.99	6943989.97	3778.03
3779.98	3781.09	3772.1	3772.65	1197.75	4522838.06	3776.11
3772.5	3784	3772.09	3772.22	1484.1	5606695.17	3777.84
3772.22	3773.04	3755.58	3764.19	2574.78	9693503.42	3764.8
3764.22	3773.32	3760.28	3765.57	1764.4	6647410.09	3767.52
3765.57	3776.52	3765	3770.86	1219.17	4598122.06	3771.52
3770.87	3772	3763.01	3767.84	813.31	3064726.1	3768.24
3768.88	3805	3768.06	3797.61	6502.71	24667353.94	3793.39
3797.22	3801.92	3779.01	3779.23	3619.61	13716360.91	3789.46
3779.23	3781	3720.01	3742.72	8798.99	32966857.38	3746.66
3742.64	3742.89	3706	3737.77	6422.21	23927066.5	3725.67
3737.17	3751.9	3724.98	3742.83	3577.56	13386872.18	3741.9
3742.98	3746.14	3729.77	3729.98	1599.15	5975296.8	3736.55
3729.98	3745	3722.56	3741.53	1162.8	4343622.64	3735.5
3741.53	3754.8	3739.49	3749.18	1101.58	4128261.84	3747.58
3748.85	3753.99	3741.9	3744.99	500.03	1873427.75	3746.66
3745.31	3756	3741	3753.23	328.39	1231048.37	3748.76
3753.23	3765	3740.23	3754.2	1119.3	4204098.33	3756
3754.36	3758.11	3744.92	3751.47	764.87	2868994.44	3750.98
3752.46	3752.46	3719	3722.96	1658.82	6189514.15	3731.28
3723.21	3739.48	3719	3732.42	1679.4	6263331.69	3729.5
3732.63	3770	3725.09	3762	3483.92	13067005.76	3750.67
3762	3777	3752.91	3761.85	4101.91	15439601.68	3764
3761.5	3769.78	3758.02	3769.78	1877.78	7067150.01	3763.56
3769.78	3773.84	3753	3755.28	2293.89	8635312.24	3764.48
3755.1	3763.36	3750	3754	1238.31	4651476.22	3756.31
3754.06	3759.36	3751	3753.62	872.87	3277469.67	3754.83
3753.43	3765	3752	3754.7	1113.21	4182841.12	3757.45
3754.66	3754.78	3725.11	3734.69	2094.09	7831043.17	3739.58
3734.6	3743	3725	3733.1	1375.74	5138245.93	3734.89
3733.35	3740	3725	3727.75	1234.02	4606479.83	3732.92
3727.75	3732.94	3726	3728.13	1133.83	4228609.19	3729.49
3728.22	3734.54	3707.46	3710	2428.55	9031961.2	3719.08
3710.02	3726.5	3707.96	3721	2724.04	10123089.78	3716.2
3722	3731.64	3721	3725.05	1721.78	6415342.23	3725.99
3725.1	3727	3712	3720.98	1855.06	6898152.15	3718.57
3720.91	3725.41	3714	3721.42	854.62	3179243.18	3720.05
3721.42	3729.85	3719.22	3726.95	849.13	3163525.55	3725.62
3726.95	3733.02	3721	3725.76	898.41	3347688.27	3726.26
3725	3727.86	3722.8	3723	434.59	1619049.18	3725.45
3723.03	3735	3722.82	3732.51	621.68	2318247.36	3729.02
3732.51	3736.51	3726	3734.27	417.06	1556019.04	3730.94
3734.67	3758.96	3734	3757.98	2135.67	8007662.71	3749.48
3757.97	3763.5	3745	3745.9	2215.06	8313528.76	3753.18
3745.3	3746.14	3727.97	3742.93	1835.23	6860128.28	3738.03
3742.94	3762	3740.69	3758.11	4042.78	15176595.22	3754
3758.02	3759.28	3742.2	3744.52	2486.05	9320713.39	3749.21
3745	3751	3734.98	3745	1770.83	6629239.2	3743.58
3744.92	3750	3740	3743.2	909.31	3405254.35	3744.89
3743.14	3821	3737	3804.51	5578.33	21124409.08	3786.87
3804.51	3890.04	3798	3885.88	13353.49	51272086.63	3839.6
3885.88	3894	3855.4	3873	8357.82	32374813.61	3873.6
3873	3944.99	3872.14	3924	10505.92	41108628.39	3912.9
3925.74	3927.9	3875	3878.02	8102.39	31612509.48	3901.63
3878	3894.89	3870	3886.42	5357.55	20793692.46	3881.2
3886.76	3919	3881.02	3884.93	5105.68	19891708.97	3896
3884.93	3907	3840	3854	5542.89	21484419.08	3876.03
3853.98	3868	3832.33	3862.02	9278.82	35751017.31	3852.97
3862.06	3868	3852.56	3859.96	3958.42	15284405.73	3861.24
3859.04	3884	3848.24	3875	3712.89	14344973.23	3863.56
3875	3890.78	3869.91	3886.99	2836.79	11007851.69	3880.39
3886.07	3889.9	3877.4	3879.98	1215.91	4722261.94	3883.74
3879.98	3907.28	3871.11	3896.64	2176.36	8472796.63	3893.11
3896.49	3986.81	3883.77	3983.5	5116.89	20148549.64	3937.66
3982.89	3990.54	3937.77	3980.13	4421.59	17536281.38	3966.06
3982.17	3982.27	3945	3967.16	2951.77	11699167.03	3963.44
3967.26	3990	3956.04	3969.2	2542.1	10098179.81	3972.38
3969.2	3999	3965.16	3996.06	3254.92	12957243.45	3980.82
3996.08	4028	3982.76	4003.41	7445.62	29796033.19	4001.82
4003.41	4013.96	3973.1	3980.84	5017.19	20036524.84	3993.58
3980.84	4005	3977	4002.51	3641.51	14525254.04	3988.8
4002.51	4026.35	3989.97	4026.35	4504.81	18030984.04	4002.61
4026.02	4040	4008.01	4015.93	5917.2	23801069.12	4022.35
4015.97	4022.12	3985	3988.02	5109.86	20430490.74	3998.25
3988.02	4059.99	3972.05	4047.83	8543.99	34338257.65	4018.99
4047.53	4087.1	4037	4067.77	11566.7	47021441.87	4065.24
4066.16	4080	4048.02	4055.35	7118.03	28943600.22	4066.24
4056	4080	4050	4069.16	4655.01	18924333.15	4065.37
4069.16	4070.94	4046	4057.85	3339.92	13555842.28	4058.73
4057.87	4065	4041.28	4064.25	3390.65	13737062.79	4051.45
4064.98	4088.8	4060	4068.82	7199.26	29326019.39	4073.48
4068.86	4080	4053.66	4079	4826.04	19616269.58	4064.67
4078.68	4083	4045	4046.98	7219.09	29349611.92	4065.55
4045.68	4068	4040.21	4047.96	4513.7	18300871.09	4054.52
4046.87	4057.97	4045.47	4052.96	2038.21	8258439.97	4051.81
4052.9	4062.5	4048.01	4056.92	1165.31	4724678.43	4054.46
4057.04	4070	4056.74	4067.11	1016.42	4131228.49	4064.48
4067.14	4075.5	4056.51	4066.91	938.43	3817751.42	4068.24
4066.92	4077.5	4010	4016.14	1914.29	7739679.78	4043.12
4016.16	4036.49	4010	4026.19	1743.88	7011386.71	4020.58
4027.08	4050	4020.46	4045.85	1557.5	6284688.37	4035.12
4046.41	4049	3985.3	3986	3345.58	13426942.07	4013.33
3985.95	4004.71	3972.9	3978.75	3262.11	13006796.63	3987.24
3978.75	3983.98	3934.14	3956.02	5706.93	22565934.19	3954.13
3957.75	3986.69	3950	3982.36	4820.48	19152360.08	3973.12
3982.37	3985.04	3951.14	3970	4093.08	16230909.88	3965.45
3970	3982	3957.12	3962.3	2269.21	9003134.4	3967.53
3962.44	3994.05	3959.02	3993.04	3589.44	14278534.63	3977.92
3993.04	4004.54	3979	3984.5	3856.42	15400784.86	3993.55
3984.52	4003	3968	3987.57	4145.54	16519431.1	3984.87
3989.69	3995.73	3977	3984.52	2628.27	10480462.3	3987.59
3984.48	4000.91	3978.19	3994.31	2129.68	8496383.88	3989.52
3994.12	4010.04	3992	3998.24	3436.66	13748698.59	4000.6
3998.24	4010	3992.1	4001.81	1655.61	6621921.23	3999.7
4001.98	4002.02	3971.13	3983.68	2543.2	10141390.07	3987.65
3983.67	4021.5	3979.47	4020	4595.91	18400012.78	4003.56
4020	4044.96	4014.99	4020.96	7413.44	29871091.11	4029.32
4020.24	4045	4016	4035.83	4414.16	17780536.31	4028.07
4035.84	4045	4024.97	4032.32	2185.15	8813335.36	4033.28
4032.77	4049	4032.34	4047.85	1280.74	5176010.85	4041.43
4047.81	4069.99	4039.15	4057.68	1851.08	7508033.87	4056.04
4053.78	4061.24	4026.2	4043.73	956.09	3867728.33	4045.38
4042.77	4051.59	4020	4023.04	861.25	3477821.11	4038.12
4022.94	4032.97	4012.64	4023.17	878.76	3536568.9	4024.51
4023.14	4040	4020	4020.02	1368.93	5510344.6	4025.3
4020.08	4040	4015	4024.04	1400.31	5640939.1	4028.36
4024.04	4031.54	4005	4009	1898.56	7628160.41	4017.86
4009.01	4009.02	3971	3994.14	5703.2	22765334.62	3991.68
3994.14	4018.27	3990.01	4003.32	3228.13	12911180.79	3999.59
4003.98	4004	3982.03	3993.99	2678	10694542.72	3993.49
3993.99	4006.22	3992.79	3999	2012.22	8049096.9	4000.1
3999.88	4010	3998.22	4002.5	1780.95	7129149.87	4003
4002.5	4008.98	3996.86	4007.04	1256.17	5030550.66	4004.69
4007.04	4018.81	4000.33	4014.44	2093.64	8393915.73	4009.25
4014.64	4017.1	3997	3998.38	2220.41	8897962.57	4007.35
3998.38	4011.03	3998	4003.14	1259.94	5046265.2	4005.18
4003.49	4005.72	3998	4002.96	1560.49	6245451.65	4002.25
4002.02	4030	4001.12	4016.62	2233.65	8972786.53	4017.1
4017.01	4022	4003.98	4010.5	2299.53	9228613.78	4013.26
4010.81	4025	3999.95	4003.5	3185.15	12783873.65	4013.58
4003.02	4007.03	3962	3981.99	6706.21	26723570.76	3984.9
3981.18	3990	3970	3975.15	3674.75	14631175.9	3981.55
3975	3986	3975	3980.68	1910.94	7604566.09	3979.5
3980.72	3992.6	3975.17	3977.03	1901.7	7573174.52	3982.32
3977.78	3977.9	3962	3971.97	1866.46	7412072.9	3971.2
3971.97	3973.84	3966.06	3972.39	917.18	3640629.48	3969.38
3972.35	3987.93	3966	3985.7	1311.33	5210817.33	3973.69
3986.5	3988.1	3973.1	3977.65	1796.71	7150524.01	3979.8
3976.96	3989	3973	3983.78	1218.74	4853206.63	3982.14
3983.78	3996	3981.98	3990.18	1293.61	5160648.13	3989.34
3990.02	3990.03	3983	3986.65	1048.31	4179286.6	3986.67
3986.1	3997.98	3983	3993.98	1701.5	6790174.44	3990.7
3994	3996.88	3984.46	3987.44	1784.45	7122009.77	3991.15
3987.46	4020.15	3987.46	4011.19	5042.32	20201657.43	4006.42
4011.85	4015.98	3998.01	4004.48	2335.74	9359358.47	4007.02
4004.48	4007	3994.97	4003.4	1750.15	7002748.85	4001.23
4003.48	4004.3	3981	3989.02	1809.43	7224012.88	3992.42
3989.02	3998.96	3975	3984.49	3060.48	12194485.77	3984.5
3984.51	3989.99	3976.58	3984.96	1470.8	5858457.22	3983.18
3985	3996.62	3984.01	3992.23	2054.59	8199290.77	3990.71
3992.71	3992.72	3920	3945.97	9124.11	36034924.63	3949.42
3945.95	3951.98	3906.08	3912.15	6070.38	23859805.89	3930.53
3910.59	3933.5	3900	3925.16	6010.52	23555357.69	3919.02
3925.54	3945	3916.6	3921.35	4048.23	15926572.22	3934.21
3921.12	3946.77	3919.96	3936.97	3412.29	13418285.36	3932.34
3937.03	3945.87	3929	3938.05	1833.31	7219747.55	3938.09
3937.94	3939	3929.39	3936.95	802.59	3157403.02	3934.04
3936.91	3946	3934.96	3942.92	929.96	3664882.9	3940.92
3942.91	3942.92	3929.93	3930.72	773.38	3044057.68	3936.06
3930.72	3948	3930.1	3938.42	1149.96	4529691.14	3938.99
3937.4	3940	3932.27	3936.93	373.07	1468525	3936.34
3936.97	3940	3899.38	3899.75	2094.41	8199394.74	3914.9
3899.74	3918.97	3899	3909.8	1666.3	6514946.77	3909.83
3910.69	3914	3890.1	3895.24	1872.51	7305331.46	3901.36
3895.21	3912.32	3890	3908.27	1630.93	6357773.97	3898.25
3905.94	3921.75	3904.1	3916.83	2121.19	8302055.06	3913.88
3915.82	3921.94	3897.1	3915.94	2436.41	9530913.65	3911.87
3915.94	3918	3902.1	3902.1	1091.41	4267759.74	3910.31
3902.1	3909.8	3880	3894.21	3895.62	15169068.68	3893.88
3894.21	3894.24	3866.58	3885.01	3736.46	14504059.32	3881.76
3884.86	3894	3863	3876.5	2988.6	11590543.37	3878.25
3876.78	3910	3876.42	3901.02	3017.55	11759119.92	3896.91
3901.03	3903.79	3883	3887.02	1725.11	6718898.07	3894.77
3886.53	3907	3886.29	3902.99	1841.18	7173078.64	3895.91
3902.98	3905	3880	3895.62	2487.12	9690907.06	3896.44
3895.61	3925.01	3894.22	3917.04	3090.38	12096012.18	3914.08
3917.04	3918.03	3907.13	3913	1749.09	6844047.22	3912.92
3912.88	3920.99	3909.16	3916	1819.74	7125380.25	3915.6
3916.1	3919.89	3914.97	3918.18	1148.22	4497829.77	3917.23
3918.83	3918.86	3905.15	3917.04	2284.28	8935697.77	3911.82
3917.04	3918	3870.01	3897.5	2479.6	9656075.46	3894.21
3897.24	3905	3896	3902.05	581.13	2266161.63	3899.57
3901.92	3909.97	3894.95	3905.96	692.1	2699934.59	3901.09
3906.33	3909.15	3896.42	3897.68	457.91	1787827.32	3904.34
3897.77	3905.99	3887.15	3889.42	864.46	3366305.93	3894.13
3889.42	3893.8	3880	3883.64	961.81	3737640.83	3886.06
3883.61	3892	3882.47	3891.61	585.91	2278112.79	3888.17
3891.9	3905	3887.64	3902.3	1142.38	4451038.23	3896.29
3902.47	3922.88	3901.59	3917.97	1875.8	7335092.59	3910.37
3917.97	3937.47	3870.08	3928.8	4559.5	17885803.62	3922.76
3928.8	3929.6	3904.3	3910.95	2902.08	11370581.57	3918.09
3910.95	3918.98	3901	3908.19	1889.68	7392688.95	3912.15
3908.02	3920	3888	3904.16	2561.73	9991994.22	3900.48
3903.95	3924.99	3898	3923.11	1685.22	6590359.19	3910.68
3923.1	3928.28	3916	3924.49	2114.07	8293451.95	3922.97
3924.16	3924.48	3917	3917.96	1342.11	5261794.99	3920.53
3917.95	3919.1	3900.08	3906.03	2642.87	10327649.71	3907.74
3906.7	3916.95	3893	3895.81	2498.69	9750796.52	3902.36
3895.98	3909.99	3895.81	3906.79	1568.22	6121443.81	3903.43
3906.86	3910	3900.01	3906.22	1274.49	4977795.17	3905.71
3906.22	3923.46	3905	3918.89	1575.01	6165343.63	3914.48
3918.01	3924	3906	3907.02	1430.49	5596688.52	3912.43
3907.05	3910.06	3897	3902.94	2528.02	9865836.56	3902.59
3902.94	3912.5	3899.35	3904.86	1974.86	7713159.8	3905.67
3905.84	3916	3900	3910.8	1832.55	7164794.33	3909.74
3910.8	3914	3903.25	3909.64	765.59	2992257.01	3908.42
3909.94	3917.09	3907.64	3917.09	518.04	2026615.64	3912.07
3917.09	3917.47	3905.9	3910.36	292.1	1142785.59	3912.3
3910.36	3918.64	3907.56	3918.49	357.18	1397605.04	3912.87
3918.49	3920	3903	3908.19	522.95	2044570.97	3909.72
3907.22	3913.76	3901.18	3909.5	595.15	2326362.72	3908.88
3909.43	3929	3905.61	3917.22	1331.43	5217806.18	3918.95
3917.27	3925.89	3912.27	3915.1	1238.72	4852338.74	3917.23
3915.12	3915.23	3902.2	3905.5	1010.48	3947635.03	3906.68
3905.46	3918	3905	3911.7	1609.82	6299558.59	3913.21
3911.7	3917.9	3908.08	3912.5	1473.4	5765623.7	3913.14
3912.75	3923	3912.15	3917.95	1127.19	4415865.29	3917.59
3917.95	3923.87	3916.18	3920.01	1183.16	4637613.55	3919.69
3920.04	3924.88	3904.5	3910.42	2426.04	9492749.64	3912.85
3910.4	3918	3907.15	3910.5	1672.31	6539645.9	3910.54
3910.51	3918	3903.5	3903.52	1971.16	7708030.46	3910.41
3904.07	3913.21	3858.01	3858.01	4853.99	18863235.71	3886.13
3858.01	3873.96	3854.5	3855.23	4303.58	16631316.23	3864.53
3855.14	3868.88	3848.01	3856.22	3534.46	13634505.23	3857.59
3856.98	3861.84	3826	3828.11	3869.87	14880966.95	3845.34
3828.96	3858.88	3823	3836.53	4395.12	16889757.93	3842.84
3836.52	3845	3823	3835	3323.8	12745975.22	3834.77
3834.91	3838.47	3815	3819.98	2439	9334452.18	3827.16
3820.95	3832	3805.23	3827.06	3374.04	12875018.75	3815.91
3828.57	3848.98	3827.03	3845.53	1685.98	6476189.3	3841.21
3845.53	3849.99	3838.11	3843.2	671.48	2580302.5	3842.73
3844	3847.47	3838	3846.47	295.48	1135464.63	3842.79
3846.04	3852	3845.87	3847.63	643.48	2476504.83	3848.61
3847.63	3847.65	3824.24	3824.25	763.19	2927405.25	3835.73
3824.85	3846	3818	3836.7	816.11	3129580.88	3834.74
3836.71	3845	3821.42	3826	1071.49	4109257.87	3835.07
3825	3836.26	3822	3828.7	1116.3	4272195.99	3827.09
3828.69	3837.52	3806	3814.87	3019.05	11534053.15	3820.43
3814.88	3875.06	3812.43	3872.02	5181.51	19919753.39	3844.39
3872.07	3873.19	3850.11	3861.25	3210.75	12396329.24	3860.88
3861.77	3865	3840	3842.87	2024.16	7794601.62	3850.78
3844.01	3860	3840	3849	1746.05	6722591.65	3850.18
3849	3854.99	3835	3836	1690.99	6500615.35	3844.28
3836	3848	3823.31	3846.75	2452.13	9407509.45	3836.46
3845.87	3858	3842.1	3849.71	1994.47	7677258.95	3849.26
3849.71	3852.52	3836.2	3842.23	1225.82	4710690.36	3842.9
3842.23	3845.02	3839	3840.89	798.46	3067141.14	3841.35
3840.89	3855	3838.92	3840.02	1386.63	5330903.74	3844.5
3840.02	3843.52	3825	3833.24	1376.75	5281381.83	3836.11
3833.28	3838.01	3827.13	3836.6	980.36	3757150.43	3832.43
3836.6	3848.1	3833.63	3846.7	1491.64	5729555.18	3841.1
3847.01	3855.28	3835.02	3837.12	2032.77	7815274.24	3844.65
3837.13	3859	3835	3848.31	2013.5	7749837.95	3848.95
3848.31	3859	3841.1	3850.98	746.32	2873750.99	3850.56
3851.64	3860.01	3850	3858.52	527.86	2035777.78	3856.68
3858.52	3860	3854.5	3858.38	244.24	942215.36	3857.78
3858.48	3859.29	3851	3854.94	300.9	1160301.67	3856.1
3854.2	3858.08	3851	3854.96	256.12	987456.27	3855.38
3854.96	3858.08	3838.02	3843.1	710.49	2734442.73	3848.69
3843.1	3846.84	3838.66	3845.83	738.36	2837134.51	3842.49
3845.83	3849.24	3838.92	3844.69	1077.98	4142987.12	3843.28
3844.71	3854.63	3842.4	3852.71	875.24	3367852.85	3847.93
3852.79	3854.98	3846.14	3848.74	666.92	2567078.23	3849.15
3848.41	3880	3840	3861.03	2973.28	11476760.74	3859.97
3861.03	3877.68	3857.01	3860.02	2900.32	11215153.7	3866.87
3860.03	3864.44	3848.83	3854.12	2289.28	8823079.3	3854.08
3854.13	3858.54	3844	3846.93	1385.44	5335994.28	3851.47
